#1 ParID 
#2 NUMBER 
#3 NumberofUserIdentifications 
#4 RA 
#5 Dec 
#6 Jmagnitude [99.0 denotes no detection] 
#7 Hmagnitude [99.0 denotes no detection] 
#8 A_IMAGE 
#9 B_IMAGE 
#10 redshift 
#11 redshift_err 
#12 dz_oiii 
#13 dz_oii 
#14 dz_siii_he1 
#15 G141_FWHM_Obs  [Angs] 
#16 G141_FWHM_Obs_err  
#17 oii_flux 
#18 oii_error 
#19 oii_EW_obs 
#20 hg_flux 
#21 hg_err 
#22 hg_EW_obs 
#23 hb_flux 
#24 hb_err 
#25 hb_EW_obs 
#26 oiii_flux [both lines] 
#27 oiii_err [both lines] 
#28 oiii_EW_obs [both lines] 
#29 hanii_flux 
#30 hanii_err 
#31 hanii_EW_obs 
#32 sii_flux 
#33 sii_err 
#34 sii_EW_obs 
#35 siii_9069_flux 
#36 siii_9069_err 
#37 siii_9069_EW_obs 
#38 siii_9532_flux 
#39 siii_9532_err 
#40 siii_9532_EW_obs 
#41 he1_10830_flux 
#42 he1_10830_err 
#43 he1_10830_EW_obs 
96      7     2   32.343815   -4.713809   20.00   19.62   5.286   2.697     0.3379    0.0004    0.0000    0.0000   -0.0033    315.65     12.46    -1.00e+00    -1.00e+00    -1.00e+00    -1.00e+00    -1.00e+00    -1.00e+00    -1.00e+00    -1.00e+00    -1.00e+00    -1.00e+00    -1.00e+00    -1.00e+00     6.45e-16     2.87e-17     6.16e+01     1.15e-16     1.81e-17     1.11e+01     0.00e+00     3.63e-19     0.00e+00     0.00e+00     3.22e-19     0.00e+00     8.43e-17     1.31e-17    1.12e+01 
96      8     2   32.353046   -4.716146   20.09   19.66   5.739   3.627     0.5962    0.0010   -0.0073    0.0000   -0.0200    722.95     33.54    -1.00e+00    -1.00e+00    -1.00e+00    -1.00e+00    -1.00e+00    -1.00e+00    -1.00e+00    -1.00e+00    -1.00e+00    -1.00e+00    -1.00e+00    -1.00e+00     4.94e-16     2.50e-17     5.95e+01     0.00e+00     1.00e-18     0.00e+00     6.32e-17     1.15e-17     9.61e+00     1.57e-16     2.85e-17     2.44e+01    -1.00e+00    -1.00e+00   -1.00e+00 
96      13    2   32.355492   -4.716629   20.92   20.39   3.561   2.965     1.1376    0.0002   -0.0000    0.0200    0.0000    215.63      3.62    -1.00e+00    -1.00e+00    -1.00e+00     0.00e+00     1.06e-18     0.00e+00     1.13e-17     7.64e-18     2.83e+00     2.66e-17     8.67e-18     6.76e+00     7.51e-16     1.32e-17     2.03e+02     1.51e-16     1.02e-17     4.09e+01    -1.00e+00    -1.00e+00    -1.00e+00    -1.00e+00    -1.00e+00    -1.00e+00    -1.00e+00    -1.00e+00   -1.00e+00 
96      14    2   32.355595   -4.725998   20.98   20.71   7.058   2.501     0.5013    0.0010    0.0000    0.0000    0.0039    439.68     26.00    -1.00e+00    -1.00e+00    -1.00e+00    -1.00e+00    -1.00e+00    -1.00e+00    -1.00e+00    -1.00e+00    -1.00e+00    -1.00e+00    -1.00e+00    -1.00e+00     2.79e-16     1.60e-17     7.88e+01     1.45e-16     1.39e-17     4.19e+01     0.00e+00     3.11e-19     0.00e+00     0.00e+00     2.93e-19     0.00e+00     3.00e-17     1.78e-17    1.32e+01 
96      16    1   32.344215   -4.708413   21.11   20.59   4.639   4.246     0.5292    0.0012   -0.0200    0.0000    0.0000    281.00     38.35    -1.00e+00    -1.00e+00    -1.00e+00    -1.00e+00    -1.00e+00    -1.00e+00    -1.00e+00    -1.00e+00    -1.00e+00    -1.00e+00    -1.00e+00    -1.00e+00     7.91e-17     1.28e-17     3.01e+01     0.00e+00     9.58e-19     0.00e+00     0.00e+00     4.19e-19     0.00e+00     0.00e+00     3.95e-19     0.00e+00     1.28e-16     2.70e-17     6.03e+01 
96      17    2   32.369106   -4.721365   21.24   20.80   2.724   2.578     0.9630    0.0004   -0.0000   -0.0000    0.0200    223.04      7.06    -1.00e+00    -1.00e+00    -1.00e+00     2.42e-17     2.08e-17     9.24e+00     1.60e-17     8.64e-18     5.52e+00     1.38e-16     9.30e-18     4.76e+01     4.18e-16     1.28e-17     1.61e+02     7.87e-17     9.24e-18     3.06e+01    -1.00e+00    -1.00e+00    -1.00e+00    -1.00e+00    -1.00e+00    -1.00e+00    -1.00e+00    -1.00e+00   -1.00e+00 
96      20    2   32.364052   -4.741252   21.76   21.50   3.782   3.182     1.1269    0.0010   -0.0033    0.0000    0.0000    256.50     13.17    -1.00e+00    -1.00e+00    -1.00e+00     0.00e+00     7.27e-19     0.00e+00     3.62e-17     8.39e-18     1.92e+01     8.07e-17     9.14e-18     4.52e+01     2.29e-16     1.30e-17     2.11e+02     8.83e-17     1.11e-17     8.23e+01    -1.00e+00    -1.00e+00    -1.00e+00    -1.00e+00    -1.00e+00    -1.00e+00    -1.00e+00    -1.00e+00   -1.00e+00 
96      24    1   32.359772   -4.718668   21.86   21.45   2.396   1.675     0.6463    0.0006    0.0000    0.0000   -0.0114    124.79     19.28    -1.00e+00    -1.00e+00    -1.00e+00    -1.00e+00    -1.00e+00    -1.00e+00    -1.00e+00    -1.00e+00    -1.00e+00    -1.00e+00    -1.00e+00    -1.00e+00     3.80e-17     4.84e-18     2.13e+01     0.00e+00     2.43e-19     0.00e+00     2.04e-18     1.82e-18     1.50e+00     5.07e-18     4.51e-18     3.94e+00    -1.00e+00    -1.00e+00   -1.00e+00 
96      27    2   32.368954   -4.731607   21.93   21.37   5.834   2.654     1.3320    0.0011    0.0200   -0.0037    0.0000    235.82     15.99     5.23e-17     2.49e-17     2.91e+01     0.00e+00     7.84e-19     0.00e+00     0.00e+00     5.69e-19     0.00e+00     2.64e-16     2.21e-17     2.27e+02     1.58e-16     1.33e-17     1.38e+02     3.98e-17     1.23e-17     3.51e+01    -1.00e+00    -1.00e+00    -1.00e+00    -1.00e+00    -1.00e+00    -1.00e+00    -1.00e+00    -1.00e+00   -1.00e+00 
96      28    2   32.364571   -4.729690   22.02   21.67   4.294   1.805     0.8423    0.0008   -0.0000    0.0081   -0.0000    181.65     12.25    -1.00e+00    -1.00e+00    -1.00e+00    -1.00e+00    -1.00e+00    -1.00e+00     1.67e-17     1.33e-17     1.20e+01     6.11e-17     1.31e-17     4.65e+01     2.22e-16     1.57e-17     1.99e+02     5.11e-17     1.21e-17     4.58e+01     3.63e-17     1.48e-17     4.41e+01    -1.00e+00    -1.00e+00    -1.00e+00    -1.00e+00    -1.00e+00   -1.00e+00 
96      29    2   32.335270   -4.735088   22.04   21.38   3.560   1.988     0.7026    0.0010   -0.0105    0.0000   -0.0016    352.63     30.73    -1.00e+00    -1.00e+00    -1.00e+00    -1.00e+00    -1.00e+00    -1.00e+00    -1.00e+00    -1.00e+00    -1.00e+00     5.96e-17     1.77e-16     5.19e+01     1.65e-16     1.69e-17     1.21e+02     5.64e-17     1.76e-17     4.25e+01     0.00e+00     2.80e-19     0.00e+00     0.00e+00     2.85e-19     0.00e+00    -1.00e+00    -1.00e+00    -1.00e+00 
96      31    2   32.345768   -4.724560   22.10   21.83   2.575   1.674     0.5574    0.0002    0.0000    0.0000    0.0010    137.92      6.09    -1.00e+00    -1.00e+00    -1.00e+00    -1.00e+00    -1.00e+00    -1.00e+00    -1.00e+00    -1.00e+00    -1.00e+00    -1.00e+00    -1.00e+00    -1.00e+00     1.77e-16     6.59e-18     1.23e+02     3.53e-17     5.42e-18     2.52e+01     1.11e-17     2.23e-18     1.13e+01     2.75e-17     5.53e-18     3.00e+01     0.00e+00     4.71e-19    0.00e+00 
96      33    2   32.360508   -4.736487   22.11   21.53   3.633   2.453     1.3343    0.0016    0.0173    0.0028    0.0000    358.26     24.30     4.95e-17     2.37e-17     5.42e+01     0.00e+00     7.55e-19     0.00e+00     9.80e-17     7.21e-16     7.83e+01     1.30e-17     1.00e-16     1.08e+01     2.30e-16     1.78e-17     2.22e+02     6.89e-17     1.50e-17     6.63e+01    -1.00e+00    -1.00e+00    -1.00e+00    -1.00e+00    -1.00e+00    -1.00e+00    -1.00e+00    -1.00e+00    -1.00e+00 
96      34    1   32.366100   -4.728379   22.15   21.69   3.774   2.347     1.1262    0.0009   -0.0057    0.0021    0.0000    237.87     11.58    -1.00e+00    -1.00e+00    -1.00e+00     0.00e+00     5.09e-19     0.00e+00     2.62e-17     6.71e-18     2.23e+01     5.61e-17     7.73e-18     4.95e+01     2.00e-16     1.06e-17     2.19e+02     6.33e-17     8.58e-18     7.14e+01    -1.00e+00    -1.00e+00    -1.00e+00    -1.00e+00    -1.00e+00    -1.00e+00    -1.00e+00    -1.00e+00   -1.00e+00 
96      35    2   32.362125   -4.722884   22.19   21.90   2.412   2.250     0.5254    0.0002    0.0000    0.0000    0.0000    104.44      7.18    -1.00e+00    -1.00e+00    -1.00e+00    -1.00e+00    -1.00e+00    -1.00e+00    -1.00e+00    -1.00e+00    -1.00e+00    -1.00e+00    -1.00e+00    -1.00e+00     9.80e-17     5.61e-18     5.84e+01     2.47e-17     4.54e-18     1.56e+01     8.52e-18     1.84e-18     8.50e+00     2.11e-17     4.56e-18     2.29e+01     1.41e-17     5.20e-18    2.01e+01 
96      37    1   32.360638   -4.712026   22.29   22.16   3.151   2.565     1.2453    0.0011    0.0034   -0.0044    0.0000    114.81      0.00    -1.00e+00    -1.00e+00    -1.00e+00     0.00e+00     2.15e-18     0.00e+00     1.45e-17     4.32e-18     1.48e+01     0.00e+00     3.59e-19     0.00e+00     4.98e-17     5.23e-18     7.29e+01     0.00e+00     1.09e-19     0.00e+00    -1.00e+00    -1.00e+00    -1.00e+00    -1.00e+00    -1.00e+00    -1.00e+00    -1.00e+00    -1.00e+00   -1.00e+00 
96      38    2   32.354446   -4.721072   22.29   22.21   3.981   3.180     0.9499    0.0018    0.0174   -0.0200    0.0000    148.80     26.68    -1.00e+00    -1.00e+00    -1.00e+00    -1.00e+00    -1.00e+00    -1.00e+00     2.09e-17     8.43e-18     2.25e+01     1.18e-17     9.45e-18     1.32e+01     6.05e-17     1.06e-17     2.40e+02     1.50e-17     8.45e-18     7.32e+01    -1.00e+00    -1.00e+00    -1.00e+00    -1.00e+00    -1.00e+00    -1.00e+00    -1.00e+00    -1.00e+00    -1.00e+00 
96      42    2   32.354702   -4.710388   22.33   21.97   2.805   2.053     1.9032    0.0017    0.0200    0.0065    0.0000    179.65     14.05     7.69e-17     7.03e-18     8.57e+01     0.00e+00     2.13e-19     0.00e+00     3.85e-17     8.15e-18     5.04e+01     1.11e-16     9.26e-18     1.52e+02    -1.00e+00    -1.00e+00    -1.00e+00    -1.00e+00    -1.00e+00    -1.00e+00    -1.00e+00    -1.00e+00    -1.00e+00    -1.00e+00    -1.00e+00    -1.00e+00    -1.00e+00    -1.00e+00   -1.00e+00 
96      43    2   32.365215   -4.735900   22.34   22.01   2.756   2.158     1.0186    0.0012   -0.0160   -0.0102    0.0000    204.43     18.79    -1.00e+00    -1.00e+00    -1.00e+00     2.49e-17     1.57e-17     2.50e+01     1.17e-17     7.87e-18     1.09e+01     1.15e-18     8.36e-18     1.09e+00     1.21e-16     1.07e-17     1.47e+02     4.18e-18     8.19e-18     5.10e+00    -1.00e+00    -1.00e+00    -1.00e+00    -1.00e+00    -1.00e+00    -1.00e+00    -1.00e+00    -1.00e+00    -1.00e+00 
96      44    2   32.358711   -4.722076   22.37   22.20   2.975   2.613     0.9638    0.0014   -0.0036   -0.0138    0.0000    208.40     19.80    -1.00e+00    -1.00e+00    -1.00e+00     2.42e-16     9.68e-17     1.20e+02     0.00e+00     4.67e-19     0.00e+00     5.85e-17     9.63e-18     6.37e+01     1.16e-16     1.16e-17     1.48e+02     1.94e-17     8.99e-18     2.65e+01    -1.00e+00    -1.00e+00    -1.00e+00    -1.00e+00    -1.00e+00    -1.00e+00    -1.00e+00    -1.00e+00   -1.00e+00 
96      45    1   32.356117   -4.718343   22.37   21.98   3.605   2.138     1.1399    0.0015   -0.0023    0.0000    0.0000    327.49     20.75    -1.00e+00    -1.00e+00    -1.00e+00     0.00e+00     5.80e-19     0.00e+00     2.88e-17     7.94e-18     2.84e+01     7.34e-17     8.68e-18     7.42e+01     2.15e-16     1.35e-17     3.21e+02     4.95e-17     1.18e-17     7.86e+01    -1.00e+00    -1.00e+00    -1.00e+00    -1.00e+00    -1.00e+00    -1.00e+00    -1.00e+00    -1.00e+00   -1.00e+00 
96      47    2   32.342838   -4.723671   22.43   22.27   2.016   1.728     0.8563    0.0007   -0.0200    0.0200   -0.0198    279.73     12.20    -1.00e+00    -1.00e+00    -1.00e+00    -1.00e+00    -1.00e+00    -1.00e+00     9.49e-18     1.34e-17     4.62e+00     0.00e+00     6.36e-19     0.00e+00     4.33e-16     1.74e-17     2.39e+02     4.64e-17     1.51e-17     2.71e+01     0.00e+00     4.70e-19     0.00e+00    -1.00e+00    -1.00e+00    -1.00e+00    -1.00e+00    -1.00e+00   -1.00e+00 
96      49    2   32.345081   -4.714845   22.47   22.30   4.645   3.383     1.1511    0.0046   -0.0137    0.0200    0.0000    292.20     55.36    -1.00e+00    -1.00e+00    -1.00e+00     1.72e-17     1.40e-17     1.69e+01     1.43e-17     9.89e-18     1.44e+01     1.66e-17     1.07e-17     1.67e+01     7.21e-17     1.49e-17     1.24e+02     4.08e-17     1.30e-17     7.25e+01    -1.00e+00    -1.00e+00    -1.00e+00    -1.00e+00    -1.00e+00    -1.00e+00    -1.00e+00    -1.00e+00   -1.00e+00 
96      59    1   32.342625   -4.707877   22.65   22.44   2.470   2.071     0.4831    0.0009    0.0000    0.0000   -0.0004    215.03     29.02    -1.00e+00    -1.00e+00    -1.00e+00    -1.00e+00    -1.00e+00    -1.00e+00    -1.00e+00    -1.00e+00    -1.00e+00    -1.00e+00    -1.00e+00    -1.00e+00     8.22e-17     1.01e-17     1.13e+02     0.00e+00     4.62e-19     0.00e+00     0.00e+00     1.90e-19     0.00e+00     0.00e+00     1.74e-19     0.00e+00    -1.00e+00    -1.00e+00    -1.00e+00 
96      65    1   32.364216   -4.730523   22.74   22.54   2.303   2.037     1.1153    0.0012   -0.0038   -0.0013    0.0000    201.48     14.95    -1.00e+00    -1.00e+00    -1.00e+00     0.00e+00     5.71e-19     0.00e+00     3.21e-18     5.94e-18     3.98e+00     8.72e-17     7.25e-18     1.13e+02     9.78e-17     8.76e-18     1.88e+02     2.19e-17     7.57e-18     4.41e+01    -1.00e+00    -1.00e+00    -1.00e+00    -1.00e+00    -1.00e+00    -1.00e+00    -1.00e+00    -1.00e+00   -1.00e+00 
96      67    1   32.359818   -4.739482   22.76   22.63   2.089   1.628     0.9585    0.0004   -0.0045   -0.0200    0.0000    129.02      6.04    -1.00e+00    -1.00e+00    -1.00e+00    -1.00e+00    -1.00e+00    -1.00e+00     3.51e-17     5.60e-18     3.98e+01     8.02e-17     6.54e-18     9.62e+01     1.59e-16     7.53e-18     4.16e+02     4.15e-17     5.90e-18     1.07e+02    -1.00e+00    -1.00e+00    -1.00e+00    -1.00e+00    -1.00e+00    -1.00e+00    -1.00e+00    -1.00e+00   -1.00e+00 
96      68    2   32.346634   -4.734083   22.79   22.38   2.444   2.273     1.3442    0.0012    0.0074    0.0023    0.0000    188.89     17.99     6.96e-17     1.40e-17     8.92e+01     3.77e-18     6.09e-18     4.69e+00     1.57e-17     1.79e-17     2.21e+01     8.77e-17     1.47e-17     1.31e+02     8.41e-17     8.75e-18     2.14e+02     1.20e-18     7.66e-18     3.03e+00    -1.00e+00    -1.00e+00    -1.00e+00    -1.00e+00    -1.00e+00    -1.00e+00    -1.00e+00    -1.00e+00   -1.00e+00 
96      69    2   32.339226   -4.730431   22.85   22.52   2.188   1.623     1.1366    0.0003   -0.0051   -0.0019    0.0000    137.06      3.28    -1.00e+00    -1.00e+00    -1.00e+00     1.04e-17     6.38e-18     1.14e+01     4.38e-17     4.48e-18     6.12e+01     2.04e-16     5.95e-18     3.01e+02     2.22e-16     6.49e-18     3.64e+02     3.95e-17     5.58e-18     6.65e+01    -1.00e+00    -1.00e+00    -1.00e+00    -1.00e+00    -1.00e+00    -1.00e+00    -1.00e+00    -1.00e+00   -1.00e+00 
96      75    2   32.352119   -4.729012   22.89   22.74   2.224   2.091     0.6514    0.0006   -0.0024    0.0000   -0.0060    179.61     19.70    -1.00e+00    -1.00e+00    -1.00e+00    -1.00e+00    -1.00e+00    -1.00e+00    -1.00e+00    -1.00e+00    -1.00e+00    -1.00e+00    -1.00e+00    -1.00e+00     6.26e-17     6.15e-18     9.99e+01     2.07e-17     5.20e-18     3.30e+01     5.61e-18     2.56e-18     1.55e+01     1.39e-17     6.34e-18     4.58e+01    -1.00e+00    -1.00e+00    -1.00e+00 
96      83    1   32.360592   -4.739619   23.03   22.89   1.623   1.485     0.9202    0.0026   -0.0028    0.0200   -0.0200    163.03     36.52    -1.00e+00    -1.00e+00    -1.00e+00    -1.00e+00    -1.00e+00    -1.00e+00     0.00e+00     5.92e-19     0.00e+00     1.61e-17     7.02e-18     8.96e+00     3.35e-17     8.19e-18     3.59e+01     8.62e-18     6.61e-18     9.84e+00    -1.00e+00    -1.00e+00    -1.00e+00    -1.00e+00    -1.00e+00    -1.00e+00    -1.00e+00    -1.00e+00   -1.00e+00 
96      87    2   32.360668   -4.741657   23.07   22.94   2.941   1.504     1.1430    0.0015    0.0200   -0.0055    0.0000    231.88     21.42    -1.00e+00    -1.00e+00    -1.00e+00     3.18e-17     9.90e-18     3.59e+01     0.00e+00     3.60e-19     0.00e+00     4.81e-13     4.45e-14     1.15e+06     1.01e-16     1.02e-17     3.82e+02     2.78e-17     8.16e-18     1.03e+02    -1.00e+00    -1.00e+00    -1.00e+00    -1.00e+00    -1.00e+00    -1.00e+00    -1.00e+00    -1.00e+00    -1.00e+00 
96      90    2   32.369270   -4.729876   23.10   22.97   3.090   1.526     1.1151    0.0007   -0.0050   -0.0006    0.0000    135.16      8.78    -1.00e+00    -1.00e+00    -1.00e+00     7.71e-18     7.99e-18     1.09e+01     1.31e-17     5.27e-18     2.42e+01     7.66e-17     7.05e-18     1.47e+02     1.13e-16     7.91e-18     4.49e+02     1.65e-17     6.73e-18     6.79e+01    -1.00e+00    -1.00e+00    -1.00e+00    -1.00e+00    -1.00e+00    -1.00e+00    -1.00e+00    -1.00e+00   -1.00e+00 
96      95    2   32.349586   -4.713653   23.24   22.43   2.879   1.749     1.2799    0.0019    0.0200    0.0200    0.0000    178.47     31.69    -1.00e+00    -1.00e+00    -1.00e+00     6.45e-18     6.88e-18     2.36e+01     2.64e-18     6.72e-18     8.87e+00     2.53e-17     1.76e-17     9.27e+01     5.30e-17     9.07e-18     1.29e+02     6.26e-18     7.44e-18     1.54e+01    -1.00e+00    -1.00e+00    -1.00e+00    -1.00e+00    -1.00e+00    -1.00e+00    -1.00e+00    -1.00e+00   -1.00e+00 
96      96    1   32.356907   -4.715011   23.25   23.14   2.670   1.891     0.6672    0.0005    0.0083    0.0000    0.0000    203.80      0.00    -1.00e+00    -1.00e+00    -1.00e+00    -1.00e+00    -1.00e+00    -1.00e+00    -1.00e+00    -1.00e+00    -1.00e+00    -1.00e+00    -1.00e+00    -1.00e+00     8.51e-17     5.17e-18     1.67e+02     4.42e-20     5.60e-18     8.64e-02     5.21e-18     2.59e-18     2.36e+01     1.29e-17     6.42e-18     4.58e+01    -1.00e+00    -1.00e+00    -1.00e+00 
96      101   1   32.340118   -4.728661   23.37   22.88   1.339   1.304     0.8515    0.0012    0.0107    0.0000   -0.0036    135.05     18.95    -1.00e+00    -1.00e+00    -1.00e+00    -1.00e+00    -1.00e+00    -1.00e+00     1.91e-17     6.55e-18     2.09e+01     0.00e+00     3.91e-19     0.00e+00     5.97e-17     8.05e-18     1.04e+02     1.28e-17     6.45e-18     2.25e+01     0.00e+00     3.88e-19     0.00e+00    -1.00e+00    -1.00e+00    -1.00e+00    -1.00e+00    -1.00e+00   -1.00e+00 
96      107   1   32.352303   -4.713989   23.50   23.44   4.364   1.851     1.0053    0.0025    0.0116    0.0033    0.0000    164.72     30.00    -1.00e+00    -1.00e+00    -1.00e+00     0.00e+00     7.93e-19     0.00e+00     0.00e+00     3.99e-19     0.00e+00     3.74e-17     8.77e-18     1.25e+02     4.54e-17     9.42e-18     2.34e+02     1.27e-17     7.78e-18     6.94e+01    -1.00e+00    -1.00e+00    -1.00e+00    -1.00e+00    -1.00e+00    -1.00e+00    -1.00e+00    -1.00e+00   -1.00e+00 
96      111   1   32.335045   -4.733439   23.57   23.20   1.697   1.643     1.3261    0.0012    0.0038    0.0009    0.0000    168.14     19.12     1.74e-17     1.25e-17     3.83e+01     8.45e-18     5.55e-18     1.98e+01     2.30e-17     1.81e-17     9.11e+01     5.11e-17     1.48e-17     1.94e+02     7.18e-17     8.36e-18     2.65e+02     1.61e-17     6.85e-18     6.70e+01    -1.00e+00    -1.00e+00    -1.00e+00    -1.00e+00    -1.00e+00    -1.00e+00    -1.00e+00    -1.00e+00   -1.00e+00 
96      119   1   32.369629   -4.715252   23.65   23.52   2.255   1.581     0.3637    0.0025    0.0000    0.0000    0.0091    359.13     84.76    -1.00e+00    -1.00e+00    -1.00e+00    -1.00e+00    -1.00e+00    -1.00e+00    -1.00e+00    -1.00e+00    -1.00e+00    -1.00e+00    -1.00e+00    -1.00e+00     7.98e-17     1.93e-17     6.28e+02     0.00e+00     8.71e-19     0.00e+00     0.00e+00     3.11e-19     0.00e+00     0.00e+00     2.76e-19     0.00e+00     1.10e-17     1.02e-17    1.76e+02 
96      120   1   32.361092   -4.735028   23.65   23.11   2.015   1.342     1.3467    0.0017   -0.0028   -0.0071    0.0000    149.14     25.33     1.89e-17     1.06e-17     7.11e+01     0.00e+00     4.72e-19     0.00e+00     1.89e-17     1.42e-17    -6.65e+01     5.56e-17     1.31e-17    -2.08e+02     4.02e-17     7.24e-18     2.77e+02     1.19e-17     6.49e-18     9.95e+01    -1.00e+00    -1.00e+00    -1.00e+00    -1.00e+00    -1.00e+00    -1.00e+00    -1.00e+00    -1.00e+00   -1.00e+00 
96      121   2   32.363197   -4.732172   23.66   23.10   2.531   1.499     0.9050    0.0009    0.0200    0.0200   -0.0154    119.75     15.72    -1.00e+00    -1.00e+00    -1.00e+00    -1.00e+00    -1.00e+00    -1.00e+00     6.87e-16     9.02e-17     2.17e+03     8.30e-17     1.09e-17     2.54e+02     7.69e-17     9.17e-18     2.88e+02     8.09e-18     7.03e-18     3.18e+01    -1.00e+00    -1.00e+00    -1.00e+00    -1.00e+00    -1.00e+00    -1.00e+00    -1.00e+00    -1.00e+00    -1.00e+00 
96      129   2   32.364922   -4.722433   23.76   23.76   2.636   1.382     0.9671    0.0009   -0.0108   -0.0200    0.0000    103.34      9.87    -1.00e+00    -1.00e+00    -1.00e+00     8.63e-17     1.18e-16     1.63e+02     1.11e-17     5.38e-18     4.58e+01     6.00e-17     6.83e-18     2.99e+02     6.27e-17     6.64e-18     4.88e+02     0.00e+00     1.16e-19     0.00e+00    -1.00e+00    -1.00e+00    -1.00e+00    -1.00e+00    -1.00e+00    -1.00e+00    -1.00e+00    -1.00e+00   -1.00e+00 
96      137   2   32.344784   -4.717586   23.85   23.71   1.621   1.423     0.6537    0.0006    0.0000    0.0000   -0.0050    115.61     19.81    -1.00e+00    -1.00e+00    -1.00e+00    -1.00e+00    -1.00e+00    -1.00e+00    -1.00e+00    -1.00e+00    -1.00e+00    -1.00e+00    -1.00e+00    -1.00e+00     2.82e-17     4.29e-18     8.14e+01     2.96e-18     3.80e-18     8.62e+00     4.89e-18     1.66e-18     3.04e+01     1.21e-17     4.11e-18     8.30e+01    -1.00e+00    -1.00e+00   -1.00e+00 
96      141   2   32.339115   -4.729887   23.91   23.51   3.435   1.767     0.5544    0.0016    0.0000    0.0000   -0.0195    241.07     52.59    -1.00e+00    -1.00e+00    -1.00e+00    -1.00e+00    -1.00e+00    -1.00e+00    -1.00e+00    -1.00e+00    -1.00e+00    -1.00e+00    -1.00e+00    -1.00e+00     4.11e-17     8.14e-18     1.72e+02     0.00e+00     4.01e-19     0.00e+00     0.00e+00     1.65e-19     0.00e+00     0.00e+00     1.65e-19     0.00e+00     0.00e+00     3.64e-19    0.00e+00 
96      144   2   32.347054   -4.720784   23.92   23.83   1.812   1.324     0.6861    0.0005    0.0142    0.0000   -0.0014    115.85     16.68    -1.00e+00    -1.00e+00    -1.00e+00    -1.00e+00    -1.00e+00    -1.00e+00    -1.00e+00    -1.00e+00    -1.00e+00    -1.00e+00    -1.00e+00    -1.00e+00     4.12e-17     5.09e-18     1.45e+02     0.00e+00     1.74e-19     0.00e+00     0.00e+00     8.71e-20     0.00e+00     0.00e+00     8.60e-20     0.00e+00    -1.00e+00    -1.00e+00   -1.00e+00 
96      154   1   32.347240   -4.712029   23.99   23.79   2.143   1.381     1.1439    0.0031   -0.0066    0.0200    0.0000    211.97     42.59    -1.00e+00    -1.00e+00    -1.00e+00     9.30e-18     8.73e-18     5.66e+01     0.00e+00     4.42e-19     0.00e+00     1.68e-17     6.18e-18     7.57e+01     3.80e-17     8.41e-18     3.26e+02     1.09e-17     7.25e-18     9.45e+01    -1.00e+00    -1.00e+00    -1.00e+00    -1.00e+00    -1.00e+00    -1.00e+00    -1.00e+00    -1.00e+00   -1.00e+00 
96      162   1   32.350803   -4.734128   24.09   24.01   2.379   1.283     0.6236    0.0018    0.0000    0.0000   -0.0000    249.46     61.38    -1.00e+00    -1.00e+00    -1.00e+00    -1.00e+00    -1.00e+00    -1.00e+00    -1.00e+00    -1.00e+00    -1.00e+00    -1.00e+00    -1.00e+00    -1.00e+00     3.53e-17     8.63e-18     1.59e+02     1.04e-17     7.63e-18     4.75e+01     0.00e+00     1.60e-19     0.00e+00     0.00e+00     1.65e-19     0.00e+00    -1.00e+00    -1.00e+00    -1.00e+00 
96      164   1   32.336971   -4.728882   24.10   23.41   1.645   1.397     0.5808    0.0005    0.0000    0.0000   -0.0196    101.99     17.12    -1.00e+00    -1.00e+00    -1.00e+00    -1.00e+00    -1.00e+00    -1.00e+00    -1.00e+00    -1.00e+00    -1.00e+00    -1.00e+00    -1.00e+00    -1.00e+00     3.08e-17     4.18e-18     9.86e+01     0.00e+00     2.23e-19     0.00e+00     0.00e+00     1.24e-19     0.00e+00     0.00e+00     1.19e-19     0.00e+00    -1.00e+00    -1.00e+00   -1.00e+00 
96      169   2   32.362854   -4.718004   24.16   23.92   1.452   1.308     1.3802    0.0007    0.0050    0.0001    0.0000    121.07      7.22     3.49e-17     6.87e-18     3.34e+02     1.32e-17     3.50e-18     1.20e+02     3.99e-17     7.87e-18     5.01e+02     1.45e-16     8.41e-18     1.89e+03     6.14e-17     4.60e-18     1.61e+03     9.80e-18     4.33e-18     4.81e+02    -1.00e+00    -1.00e+00    -1.00e+00    -1.00e+00    -1.00e+00    -1.00e+00    -1.00e+00    -1.00e+00   -1.00e+00 
96      175   2   32.370598   -4.720392   24.23   23.95   1.485   1.306     1.1395    0.0014    0.0200   -0.0047    0.0000    159.86     25.58    -1.00e+00    -1.00e+00    -1.00e+00     6.21e-18     5.47e-18     2.73e+01     1.27e-17     3.96e-18     1.58e+02     0.00e+00     2.04e-19     0.00e+00     3.67e-17     6.00e-18     3.26e+02     9.47e-18     4.82e-18     9.00e+01    -1.00e+00    -1.00e+00    -1.00e+00    -1.00e+00    -1.00e+00    -1.00e+00    -1.00e+00    -1.00e+00    -1.00e+00 
96      178   2   32.363239   -4.728036   24.23   24.18   1.464   1.384     1.7541    0.0011    0.0200    0.0116    0.0000    107.67      7.73     4.66e-17     3.78e-18     1.96e+02     1.77e-17     5.46e-18     1.17e+02     8.68e-18     4.10e-18     5.43e+01     6.42e-17     5.39e-18     4.16e+02    -1.00e+00    -1.00e+00    -1.00e+00    -1.00e+00    -1.00e+00    -1.00e+00    -1.00e+00    -1.00e+00    -1.00e+00    -1.00e+00    -1.00e+00    -1.00e+00    -1.00e+00    -1.00e+00   -1.00e+00 
96      188   1   32.356888   -4.735150   24.37   24.10   2.091   1.250     1.3408    0.0048    0.0082    0.0200    0.0000    258.48     68.26     1.98e-17     1.19e-17     1.28e+02     2.51e-18     5.33e-18     1.43e+01     0.00e+00     4.08e-19     0.00e+00     3.66e-17     1.25e-17     2.88e+02     2.28e-17     7.63e-18     2.69e+02     5.19e-19     6.71e-18     6.78e+00    -1.00e+00    -1.00e+00    -1.00e+00    -1.00e+00    -1.00e+00    -1.00e+00    -1.00e+00    -1.00e+00   -1.00e+00 
96      194   2   32.352234   -4.732686   24.40   23.77   1.691   1.455     1.0397    0.0020   -0.0200   -0.0200    0.0000    173.88     36.55    -1.00e+00    -1.00e+00    -1.00e+00     3.77e-17     1.15e-17     1.45e+02     4.24e-18     5.22e-18     1.94e+01     3.12e-18     6.14e-18     1.55e+01     3.19e-17     7.29e-18     2.69e+02     0.00e+00     2.03e-19     0.00e+00    -1.00e+00    -1.00e+00    -1.00e+00    -1.00e+00    -1.00e+00    -1.00e+00    -1.00e+00    -1.00e+00   -1.00e+00 
96      199   1   32.366104   -4.733127   24.42   24.26   1.683   1.403     1.3429    0.0027    0.0081    0.0069    0.0000    190.99      0.00     3.33e-17     9.82e-18     1.61e+02     0.00e+00     2.14e-19     0.00e+00     0.00e+00     1.63e-19     0.00e+00     5.67e-17     9.38e-18     2.15e+03     2.70e-17     5.17e-18     7.66e+02     1.36e-17     5.41e-18     2.89e+02    -1.00e+00    -1.00e+00    -1.00e+00    -1.00e+00    -1.00e+00    -1.00e+00    -1.00e+00    -1.00e+00   -1.00e+00 
96      200   2   32.334496   -4.733438   24.42   24.32   1.912   1.257     1.1024    0.0013   -0.0039   -0.0067    0.0000    105.39     13.36    -1.00e+00    -1.00e+00    -1.00e+00     1.63e-17     6.48e-18     4.59e+01     0.00e+00     2.91e-19     0.00e+00     4.00e-17     5.86e-18     1.75e+02     3.28e-17     5.48e-18     2.65e+02     1.46e-17     5.10e-18     1.22e+02    -1.00e+00    -1.00e+00    -1.00e+00    -1.00e+00    -1.00e+00    -1.00e+00    -1.00e+00    -1.00e+00   -1.00e+00 
96      201   1   32.343552   -4.731022   24.42   23.90   1.873   1.401     1.2891    0.0018   -0.0192    0.0138    0.0000    116.28     26.97     1.82e-17     1.11e-17     4.87e+01     0.00e+00     3.98e-19     0.00e+00     8.65e-18     4.23e-18     9.67e+01     0.00e+00     3.04e-19     0.00e+00     2.68e-17     5.84e-18     3.03e+02     5.56e-18     5.10e-18     5.97e+01    -1.00e+00    -1.00e+00    -1.00e+00    -1.00e+00    -1.00e+00    -1.00e+00    -1.00e+00    -1.00e+00   -1.00e+00 
96      210   2   32.336151   -4.737707   24.46   24.46   2.349   1.204     1.1149    0.0027    0.0053    0.0054    0.0000    128.89     21.87    -1.00e+00    -1.00e+00    -1.00e+00     0.00e+00     3.72e-19     0.00e+00     9.85e-20     3.88e-18     3.93e-01     3.40e-17     6.23e-18     1.28e+02     1.66e-17     4.92e-18     1.50e+02     8.62e-18     4.65e-18     7.58e+01    -1.00e+00    -1.00e+00    -1.00e+00    -1.00e+00    -1.00e+00    -1.00e+00    -1.00e+00    -1.00e+00   -1.00e+00 
96      212   2   32.343250   -4.712645   24.47   24.33   1.568   1.177     0.5054    0.0008    0.0000    0.0000    0.0059     98.54     25.12    -1.00e+00    -1.00e+00    -1.00e+00    -1.00e+00    -1.00e+00    -1.00e+00    -1.00e+00    -1.00e+00    -1.00e+00    -1.00e+00    -1.00e+00    -1.00e+00     2.20e-17     4.66e-18     7.89e+01     8.31e-18     3.86e-18     3.01e+01     8.52e-19     1.44e-18     5.56e+00     2.11e-18     3.58e-18     1.48e+01     0.00e+00     1.09e-19    0.00e+00 
96      214   2   32.360638   -4.732649   24.48   24.27   1.686   1.086     1.3357    0.0018    0.0075    0.0036    0.0000    148.67     21.89     2.72e-17     8.82e-18     1.77e+02     6.77e-18     3.97e-18     3.12e+01     0.00e+00     1.70e-19     0.00e+00     5.91e-17     9.51e-18     1.92e+03     3.20e-17     5.32e-18    -1.48e+03     0.00e+00     9.59e-20    -0.00e+00    -1.00e+00    -1.00e+00    -1.00e+00    -1.00e+00    -1.00e+00    -1.00e+00    -1.00e+00    -1.00e+00   -1.00e+00 
96      215   2   32.344063   -4.736602   24.48   24.07   1.914   1.185     1.4572    0.0022    0.0200    0.0148    0.0000    176.73     32.23     3.01e-18     6.51e-18     1.65e+01     1.10e-17     4.43e-18     8.06e+01     2.32e-17     8.35e-18     3.24e+02     1.90e-17     8.41e-18     2.48e+02     3.11e-17     6.21e-18     4.68e+02     0.00e+00     2.19e-19     0.00e+00    -1.00e+00    -1.00e+00    -1.00e+00    -1.00e+00    -1.00e+00    -1.00e+00    -1.00e+00    -1.00e+00   -1.00e+00 
96      216   1   32.334904   -4.733790   24.48   23.63   1.522   1.266     1.2572    0.0011   -0.0001    0.0200    0.0000    156.53     18.63    -1.00e+00    -1.00e+00    -1.00e+00     7.77e-18     5.40e-18     3.16e+01     0.00e+00     4.03e-19     0.00e+00     2.00e-17     1.33e-17     9.32e+01     6.11e-17     6.84e-18     2.97e+02     1.36e-17     5.66e-18     7.58e+01    -1.00e+00    -1.00e+00    -1.00e+00    -1.00e+00    -1.00e+00    -1.00e+00    -1.00e+00    -1.00e+00   -1.00e+00 
96      217   1   32.339634   -4.732642   24.50   24.26   2.949   1.182     0.6183    0.0019    0.0000    0.0000    0.0134    220.53     60.30    -1.00e+00    -1.00e+00    -1.00e+00    -1.00e+00    -1.00e+00    -1.00e+00    -1.00e+00    -1.00e+00    -1.00e+00    -1.00e+00    -1.00e+00    -1.00e+00     2.76e-17     7.18e-18     1.53e+02     5.83e-18     5.98e-18     3.75e+01     2.97e-18     2.93e-18     3.76e+01     7.35e-18     7.26e-18     5.09e+02    -1.00e+00    -1.00e+00   -1.00e+00 
96      220   1   32.371471   -4.718362   24.53   24.39   1.496   1.189     0.6336    0.0012    0.0200    0.0000   -0.0000    242.79     38.79    -1.00e+00    -1.00e+00    -1.00e+00    -1.00e+00    -1.00e+00    -1.00e+00    -1.00e+00    -1.00e+00    -1.00e+00    -1.00e+00    -1.00e+00    -1.00e+00     4.23e-17     6.50e-18     3.88e+02     0.00e+00     3.58e-19     0.00e+00     3.71e-18     2.44e-18     6.15e+01     9.19e-18     6.05e-18     1.53e+02    -1.00e+00    -1.00e+00   -1.00e+00 
96      225   2   32.362488   -4.738190   24.56   23.92   3.177   1.010     1.1267    0.0032   -0.0200   -0.0125    0.0000    223.60     45.22    -1.00e+00    -1.00e+00    -1.00e+00     1.97e-17     7.08e-18     1.97e+02     0.00e+00     3.63e-19     0.00e+00     2.73e-18     4.83e-18     2.19e+01     3.48e-17     7.69e-18     4.68e+02     5.27e-18     6.19e-18     7.66e+01    -1.00e+00    -1.00e+00    -1.00e+00    -1.00e+00    -1.00e+00    -1.00e+00    -1.00e+00    -1.00e+00   -1.00e+00 
96      236   2   32.337852   -4.725043   24.63   24.40   1.377   1.170     0.5344    0.0012    0.0000    0.0000    0.0013    153.05     39.93    -1.00e+00    -1.00e+00    -1.00e+00    -1.00e+00    -1.00e+00    -1.00e+00    -1.00e+00    -1.00e+00    -1.00e+00    -1.00e+00    -1.00e+00    -1.00e+00     2.29e-17     5.50e-18     1.19e+02     1.22e-17     4.75e-18     6.74e+01     0.00e+00     1.28e-19     0.00e+00     0.00e+00     1.04e-19     0.00e+00     0.00e+00     1.35e-19    0.00e+00 
96      238   2   32.344334   -4.737445   24.65   24.71   1.824   1.148     0.6972    0.0014    0.0007    0.0000   -0.0014    166.72     47.75    -1.00e+00    -1.00e+00    -1.00e+00    -1.00e+00    -1.00e+00    -1.00e+00    -1.00e+00    -1.00e+00    -1.00e+00    -1.00e+00    -1.00e+00    -1.00e+00     2.48e-17     6.41e-18     1.55e+02     2.23e-17     1.36e-17    -6.88e+02     0.00e+00     1.12e-19     0.00e+00     0.00e+00     1.20e-19     0.00e+00    -1.00e+00    -1.00e+00   -1.00e+00 
96      241   1   32.342812   -4.730034   24.68   24.17   1.545   1.070     2.0128    0.0000    0.0200    0.0167    0.0000    140.32     16.23     7.55e-18     1.18e-17     3.84e+01     0.00e+00     1.22e-19     0.00e+00     6.50e-18     4.93e-18     6.66e+01     7.34e-17     6.69e-18     7.88e+02    -1.00e+00    -1.00e+00    -1.00e+00    -1.00e+00    -1.00e+00    -1.00e+00    -1.00e+00    -1.00e+00    -1.00e+00    -1.00e+00    -1.00e+00    -1.00e+00    -1.00e+00    -1.00e+00   -1.00e+00 
96      245   2   32.364532   -4.738082   24.69   24.58   1.449   1.082     0.5868    0.0006    0.0000    0.0000    0.0015    116.43     18.23    -1.00e+00    -1.00e+00    -1.00e+00    -1.00e+00    -1.00e+00    -1.00e+00    -1.00e+00    -1.00e+00    -1.00e+00    -1.00e+00    -1.00e+00    -1.00e+00     2.76e-17     3.66e-18     1.95e+02     4.85e-18     3.13e-18     3.08e+01     3.79e-18     1.35e-18     7.96e+01     9.39e-18     3.34e-18     1.97e+02    -1.00e+00    -1.00e+00   -1.00e+00 
96      247   1   32.334763   -4.733509   24.69   24.57   1.647   1.236     1.3316    0.0021    0.0062   -0.0041    0.0000    138.63     24.25     2.44e-17     1.06e-17     1.12e+02     9.22e-18     4.35e-18     5.12e+01     3.34e-17     1.34e-17     5.97e+02     5.21e-17     1.17e-17     5.74e+02     2.64e-17     5.83e-18     3.67e+02     1.11e-17     5.28e-18     1.68e+02    -1.00e+00    -1.00e+00    -1.00e+00    -1.00e+00    -1.00e+00    -1.00e+00    -1.00e+00    -1.00e+00   -1.00e+00 
96      272   1   32.366116   -4.716019   24.86   24.04   1.782   1.436     0.5669    0.0007    0.0000    0.0000   -0.0058    134.41     22.94    -1.00e+00    -1.00e+00    -1.00e+00    -1.00e+00    -1.00e+00    -1.00e+00    -1.00e+00    -1.00e+00    -1.00e+00    -1.00e+00    -1.00e+00    -1.00e+00     3.46e-17     5.12e-18    -6.67e+02     1.59e-17     4.02e-18    -1.66e+02     1.13e-18     1.86e-18    -6.78e+01     2.81e-18     4.62e-18    -7.27e+01     0.00e+00     3.40e-19   -0.00e+00 
96      273   2   32.358032   -4.713665   24.86   24.86   1.475   1.134     1.1373    0.0018   -0.0051   -0.0000    0.0000     87.07      8.60    -1.00e+00    -1.00e+00    -1.00e+00     4.03e-17     4.81e-18     1.00e+03     2.32e-18     3.10e-18     3.84e+01     3.21e-17     4.03e-18     9.30e+02     1.69e-17     3.86e-18     2.92e+02     0.00e+00     9.70e-20     0.00e+00    -1.00e+00    -1.00e+00    -1.00e+00    -1.00e+00    -1.00e+00    -1.00e+00    -1.00e+00    -1.00e+00   -1.00e+00 
96      282   1   32.352619   -4.712886   24.95   24.28   1.227   1.187     1.8981    0.0022    0.0200    0.0111    0.0000    135.28     19.10     1.63e-17     3.60e-18     2.17e+02     2.36e-18     5.79e-18     1.99e+01     1.29e-17     4.81e-18     1.85e+02     4.71e-17     6.33e-18     6.68e+02    -1.00e+00    -1.00e+00    -1.00e+00    -1.00e+00    -1.00e+00    -1.00e+00    -1.00e+00    -1.00e+00    -1.00e+00    -1.00e+00    -1.00e+00    -1.00e+00    -1.00e+00    -1.00e+00   -1.00e+00 
96      292   2   32.360313   -4.717487   25.01   25.00   1.203   1.112     0.9891    0.0013   -0.0043   -0.0045    0.0000    125.65     13.09    -1.00e+00    -1.00e+00    -1.00e+00     0.00e+00     4.67e-19     0.00e+00     4.84e-18     3.91e-18     2.73e+01     4.15e-17     4.98e-18     2.51e+02     3.56e-17     4.72e-18     8.50e+02     8.23e-18     4.16e-18     2.21e+02    -1.00e+00    -1.00e+00    -1.00e+00    -1.00e+00    -1.00e+00    -1.00e+00    -1.00e+00    -1.00e+00   -1.00e+00 
96      297   1   32.362366   -4.739188   25.03   24.57   1.531   1.056     1.1337    0.0017    0.0101    0.0086    0.0000     93.09     23.88    -1.00e+00    -1.00e+00    -1.00e+00     5.15e-18     4.24e-18     2.66e+01     0.00e+00     3.12e-19     0.00e+00     8.14e-18     3.78e-18     5.38e+01     1.74e-17     4.44e-18     1.25e+03     6.48e-18     3.86e-18     9.01e+02    -1.00e+00    -1.00e+00    -1.00e+00    -1.00e+00    -1.00e+00    -1.00e+00    -1.00e+00    -1.00e+00   -1.00e+00 
96      309   1   32.370277   -4.725835   25.09   24.73   1.258   1.050     1.1360    0.0012   -0.0054   -0.0068    0.0000    103.19     10.23    -1.00e+00    -1.00e+00    -1.00e+00     4.12e-18     4.76e-18     2.96e+01     7.96e-18     2.85e-18     6.02e+01     3.78e-17     3.91e-18     3.00e+02     2.65e-17     3.79e-18     6.40e+02     5.83e-18     3.54e-18     1.44e+02    -1.00e+00    -1.00e+00    -1.00e+00    -1.00e+00    -1.00e+00    -1.00e+00    -1.00e+00    -1.00e+00   -1.00e+00 
96      317   2   32.352985   -4.740602   25.14   24.61   1.791   1.087     0.5768    0.0008    0.0000    0.0000    0.0084    105.76     25.61    -1.00e+00    -1.00e+00    -1.00e+00    -1.00e+00    -1.00e+00    -1.00e+00    -1.00e+00    -1.00e+00    -1.00e+00    -1.00e+00    -1.00e+00    -1.00e+00     2.26e-17     4.32e-18     2.96e+02     0.00e+00     2.31e-19     0.00e+00     1.15e-18     1.47e-18     3.67e+01     2.84e-18     3.64e-18     1.20e+02    -1.00e+00    -1.00e+00   -1.00e+00 
96      322   2   32.367550   -4.713754   25.17   25.17   1.314   1.146     1.1358    0.0020    0.0097    0.0200    0.0000    208.37     27.62    -1.00e+00    -1.00e+00    -1.00e+00     0.00e+00     6.02e-19     0.00e+00     0.00e+00     3.99e-19     0.00e+00     9.14e-18     4.99e-18     1.11e+02     4.39e-17     6.72e-18     3.13e+02     2.00e-17     5.57e-18     1.76e+02    -1.00e+00    -1.00e+00    -1.00e+00    -1.00e+00    -1.00e+00    -1.00e+00    -1.00e+00    -1.00e+00   -1.00e+00 
96      332   1   32.365578   -4.718157   25.24   25.01   1.372   1.055     0.3525    0.0007    0.0000    0.0000   -0.0035    122.04     27.27    -1.00e+00    -1.00e+00    -1.00e+00    -1.00e+00    -1.00e+00    -1.00e+00    -1.00e+00    -1.00e+00    -1.00e+00    -1.00e+00    -1.00e+00    -1.00e+00     5.18e-17     9.44e-18    -3.03e+02     1.35e-17     6.18e-18    -8.29e+01     0.00e+00     1.17e-19    -0.00e+00     0.00e+00     1.05e-19    -0.00e+00     0.00e+00     8.44e-20   -0.00e+00 
96      334   1   32.354511   -4.723063   25.25   23.31   1.128   1.088     0.5409    0.0012    0.0000    0.0000    0.0000    136.27     40.99    -1.00e+00    -1.00e+00    -1.00e+00    -1.00e+00    -1.00e+00    -1.00e+00    -1.00e+00    -1.00e+00    -1.00e+00    -1.00e+00    -1.00e+00    -1.00e+00     1.46e-17     4.54e-18     1.53e+03     1.21e-17     3.99e-18     8.73e+02    -1.00e+00    -1.00e+00    -1.00e+00    -1.00e+00    -1.00e+00    -1.00e+00    -1.00e+00    -1.00e+00    -1.00e+00 
96      341   1   32.341457   -4.736950   25.29   25.35   1.566   0.969     0.4555    0.0019    0.0000    0.0000    0.0155    190.94     55.15    -1.00e+00    -1.00e+00    -1.00e+00    -1.00e+00    -1.00e+00    -1.00e+00    -1.00e+00    -1.00e+00    -1.00e+00    -1.00e+00    -1.00e+00    -1.00e+00     2.24e-17     6.45e-18     2.86e+02     4.01e-18     5.20e-18     4.67e+01     4.76e-18     2.34e-18     1.47e+02     1.18e-17     5.80e-18     2.84e+02     2.40e-18     5.04e-18    5.99e+01 
96      345   2   32.367924   -4.714860   25.30   24.69   1.760   0.915     1.2486    0.0031   -0.0184    0.0200    0.0000    219.96     44.35    -1.00e+00    -1.00e+00    -1.00e+00     0.00e+00     3.78e-19     0.00e+00     8.11e-18     4.12e-18     9.19e+01     0.00e+00     3.19e-19     0.00e+00     2.99e-17     6.19e-18     2.31e+02     7.69e-18     5.30e-18     6.29e+01    -1.00e+00    -1.00e+00    -1.00e+00    -1.00e+00    -1.00e+00    -1.00e+00    -1.00e+00    -1.00e+00   -1.00e+00 
96      361   2   32.353645   -4.710052   25.38   24.91   1.113   0.995     1.3352    0.0032   -0.0200   -0.0077    0.0000    211.12     51.85     0.00e+00     6.24e-19    -0.00e+00     6.92e-18     4.61e-18    -3.89e+02     0.00e+00     2.86e-19     0.00e+00     7.24e-18     1.14e-17     7.75e+01     2.77e-17     7.05e-18     8.73e+02     1.87e-18     5.76e-18     5.29e+01    -1.00e+00    -1.00e+00    -1.00e+00    -1.00e+00    -1.00e+00    -1.00e+00    -1.00e+00    -1.00e+00   -1.00e+00 
96      393   2   32.339886   -4.725135   25.53   25.58   1.040   0.941     1.4855    0.0014   -0.0069   -0.0037    0.0000     94.93     16.05     2.77e-17     7.60e-18     2.65e+02     0.00e+00     2.91e-19     0.00e+00     1.06e-17     5.60e-18     3.06e+02     1.10e-17     6.42e-18     5.06e+02     2.50e-17     4.80e-18     1.48e+03     2.20e-18     6.37e-18     1.28e+02    -1.00e+00    -1.00e+00    -1.00e+00    -1.00e+00    -1.00e+00    -1.00e+00    -1.00e+00    -1.00e+00   -1.00e+00 
96      396   2   32.345161   -4.725894   25.53   25.06   1.139   0.938     1.2071    0.0023    0.0130    0.0097    0.0000    198.26     30.61    -1.00e+00    -1.00e+00    -1.00e+00     4.83e-18     5.27e-18     3.11e+01     6.82e-18     4.45e-18     8.05e+01     2.18e-17     6.35e-18     3.05e+02     4.26e-17     7.11e-18     5.29e+02     9.88e-18     5.74e-18     1.49e+02    -1.00e+00    -1.00e+00    -1.00e+00    -1.00e+00    -1.00e+00    -1.00e+00    -1.00e+00    -1.00e+00   -1.00e+00 
96      399   1   32.340073   -4.738326   25.54   25.39   1.191   0.913     0.9153    0.0037    0.0155   -0.0071   -0.0200    189.28     45.24    -1.00e+00    -1.00e+00    -1.00e+00    -1.00e+00    -1.00e+00    -1.00e+00     1.07e-17     6.54e-18     7.63e+01     0.00e+00     3.73e-19     0.00e+00     3.12e-17     9.04e-18     5.43e+02     1.23e-17     7.29e-18     2.36e+02    -1.00e+00    -1.00e+00    -1.00e+00    -1.00e+00    -1.00e+00    -1.00e+00    -1.00e+00    -1.00e+00   -1.00e+00 
96      408   1   32.352074   -4.727859   25.59   24.67   1.092   0.836     1.2413    0.0039   -0.0200    0.0200    0.0000    286.17     61.91    -1.00e+00    -1.00e+00    -1.00e+00     1.39e-17     6.12e-18    -4.54e+02     5.63e-18     4.88e-18     2.97e+02     0.00e+00     3.80e-19    -0.00e+00     3.12e-17     7.11e-18    -8.72e+02     9.44e-18     6.28e-18    -6.98e+02    -1.00e+00    -1.00e+00    -1.00e+00    -1.00e+00    -1.00e+00    -1.00e+00    -1.00e+00    -1.00e+00   -1.00e+00 
96      427   2   32.355595   -4.740169   25.70   25.64   1.038   0.813     1.6729    0.0024    0.0200    0.0115    0.0000    129.32     22.74     1.51e-17     3.57e-18     1.82e+02     2.58e-18     6.01e-18     1.68e+02     4.56e-18     4.21e-18     2.71e+02     3.05e-17     4.75e-18     4.94e+03    -1.00e+00    -1.00e+00    -1.00e+00    -1.00e+00    -1.00e+00    -1.00e+00    -1.00e+00    -1.00e+00    -1.00e+00    -1.00e+00    -1.00e+00    -1.00e+00    -1.00e+00    -1.00e+00   -1.00e+00 
96      430   2   32.343323   -4.741259   25.71   25.71   0.958   0.853     0.9955    0.0025   -0.0184   -0.0200    0.0000    138.60     38.14    -1.00e+00    -1.00e+00    -1.00e+00     2.27e-17     1.27e-17     2.94e+02     7.41e-18     6.80e-18     1.78e+02     1.26e-12     8.03e-12    -1.50e+07     2.19e-17     5.95e-18     1.78e+04     0.00e+00     1.35e-19    -0.00e+00    -1.00e+00    -1.00e+00    -1.00e+00    -1.00e+00    -1.00e+00    -1.00e+00    -1.00e+00    -1.00e+00   -1.00e+00 
96      437   1   32.348499   -4.713369   25.72   25.90   1.192   0.866     0.9914    0.0030   -0.0000   -0.0000   -0.0200    211.07     52.60    -1.00e+00    -1.00e+00    -1.00e+00     0.00e+00     6.38e-19     0.00e+00     8.96e-18     5.32e-18     8.48e+01     0.00e+00     2.99e-19     0.00e+00     2.86e-17     6.93e-18     1.38e+03     1.51e-19     5.40e-18     5.83e+00    -1.00e+00    -1.00e+00    -1.00e+00    -1.00e+00    -1.00e+00    -1.00e+00    -1.00e+00    -1.00e+00   -1.00e+00 
96      438   2   32.360626   -4.720555   25.73   26.41   1.163   0.802     0.3299    0.0003    0.0000    0.0000   -0.0039     96.33     10.45    -1.00e+00    -1.00e+00    -1.00e+00    -1.00e+00    -1.00e+00    -1.00e+00    -1.00e+00    -1.00e+00    -1.00e+00    -1.00e+00    -1.00e+00    -1.00e+00     1.00e-16     9.43e-18     1.03e+03     5.83e-18     5.50e-18     9.28e+01     0.00e+00     1.06e-19    -0.00e+00     0.00e+00     8.12e-20    -0.00e+00     5.60e-18     2.88e-18   -1.85e+02 
96      441   1   32.367813   -4.724727   25.74   25.91   1.400   0.731     1.3384    0.0016    0.0056    0.0095    0.0000    103.47     20.09     1.65e-17     6.00e-18     9.69e+01     3.56e-18     2.86e-18     1.42e+02     6.04e-19     6.22e-18     4.58e+00     1.90e-17     6.33e-18     1.71e+02     1.76e-17     3.50e-18    -2.03e+03     0.00e+00     8.33e-20    -0.00e+00    -1.00e+00    -1.00e+00    -1.00e+00    -1.00e+00    -1.00e+00    -1.00e+00    -1.00e+00    -1.00e+00   -1.00e+00 
96      477   2   32.360359   -4.718850   25.97   25.37   0.976   0.856     0.9261    0.0017    0.0086    0.0200    0.0200     97.41     25.54    -1.00e+00    -1.00e+00    -1.00e+00    -1.00e+00    -1.00e+00    -1.00e+00     7.56e-18     3.62e-18    -1.76e+02     0.00e+00     2.40e-19    -0.00e+00     2.06e-17     4.94e-18    -6.25e+02     0.00e+00     1.52e-19    -0.00e+00    -1.00e+00    -1.00e+00    -1.00e+00    -1.00e+00    -1.00e+00    -1.00e+00    -1.00e+00    -1.00e+00   -1.00e+00 
96      479   1   32.341427   -4.716241   25.97   25.98   0.951   0.792     0.5850    0.0012    0.0000    0.0000   -0.0200    205.94     28.68    -1.00e+00    -1.00e+00    -1.00e+00    -1.00e+00    -1.00e+00    -1.00e+00    -1.00e+00    -1.00e+00    -1.00e+00    -1.00e+00    -1.00e+00    -1.00e+00     3.06e-17     4.90e-18     9.38e+02     1.48e-18     4.02e-18     7.96e+01     0.00e+00     1.15e-19     0.00e+00     0.00e+00     1.07e-19     0.00e+00    -1.00e+00    -1.00e+00   -1.00e+00 
96      488   1   32.359943   -4.724078   26.02   25.48   0.920   0.814     1.4680    0.0010   -0.0200    0.0200    0.0000     93.28     16.37     0.00e+00     3.55e-19     0.00e+00     0.00e+00     2.13e-19    -0.00e+00     0.00e+00     1.45e-19     0.00e+00     1.65e-17     5.98e-18     2.13e+03     2.52e-17     3.87e-18    -8.19e+02     1.75e-18     4.11e-18    -5.38e+01    -1.00e+00    -1.00e+00    -1.00e+00    -1.00e+00    -1.00e+00    -1.00e+00    -1.00e+00    -1.00e+00   -1.00e+00 
96      492   2   32.368233   -4.717353   26.04   25.51   0.959   0.867     1.2658    0.0020    0.0048   -0.0120    0.0000    230.44     30.00    -1.00e+00    -1.00e+00    -1.00e+00     2.93e-18     5.38e-18    -1.94e+03     1.37e-17     4.41e-18     1.78e+03     0.00e+00     2.99e-19    -0.00e+00     4.56e-17     6.00e-18    -2.24e+03     2.39e-18     4.92e-18    -1.76e+02    -1.00e+00    -1.00e+00    -1.00e+00    -1.00e+00    -1.00e+00    -1.00e+00    -1.00e+00    -1.00e+00   -1.00e+00 
96      493   1   32.343689   -4.732826   26.04   26.01   1.687   0.663     0.4640    0.0006    0.0000    0.0000    0.0104    255.09     18.79    -1.00e+00    -1.00e+00    -1.00e+00    -1.00e+00    -1.00e+00    -1.00e+00    -1.00e+00    -1.00e+00    -1.00e+00    -1.00e+00    -1.00e+00    -1.00e+00     1.08e-16     7.41e-18     1.19e+03     0.00e+00     3.61e-19     0.00e+00     3.93e-18     2.25e-18     3.14e+02     9.74e-18     5.58e-18     6.42e+02     0.00e+00     1.19e-19    0.00e+00 
96      504   2   32.365349   -4.724297   26.10   25.90   0.981   0.732     0.7031    0.0007    0.0046    0.0000    0.0107    108.58     17.83    -1.00e+00    -1.00e+00    -1.00e+00    -1.00e+00    -1.00e+00    -1.00e+00    -1.00e+00    -1.00e+00    -1.00e+00     4.25e-17     9.76e-18    -1.62e+02     1.92e-17     3.10e-18     5.03e+02     0.00e+00     2.41e-19     0.00e+00     2.20e-18     1.28e-18     1.32e+01     5.45e-18     3.17e-18     3.20e+01    -1.00e+00    -1.00e+00    -1.00e+00 
96      519   1   32.370003   -4.721083   26.22   25.44   0.901   0.687     1.0822    0.0028   -0.0017    0.0200    0.0000    130.59     38.57    -1.00e+00    -1.00e+00    -1.00e+00     7.41e-18     4.68e-18     2.61e+02     6.47e-18     3.21e-18     2.81e+02     0.00e+00     1.90e-19     0.00e+00     1.51e-17     4.49e-18    -3.89e+03     0.00e+00     1.32e-19    -0.00e+00    -1.00e+00    -1.00e+00    -1.00e+00    -1.00e+00    -1.00e+00    -1.00e+00    -1.00e+00    -1.00e+00   -1.00e+00 
96      526   2   32.353630   -4.739083   26.28   24.85   0.879   0.684     1.3464    0.0014   -0.0190   -0.0113    0.0000    164.90     22.51     1.84e-17     8.00e-18    -2.33e+02     5.26e-18     3.60e-18    -2.01e+02     0.00e+00     2.56e-19    -0.00e+00     8.37e-18     9.03e-18    -1.87e+02     4.31e-17     5.63e-18    -1.53e+03     0.00e+00     1.40e-19    -0.00e+00    -1.00e+00    -1.00e+00    -1.00e+00    -1.00e+00    -1.00e+00    -1.00e+00    -1.00e+00    -1.00e+00   -1.00e+00 
96      530   2   32.348080   -4.714594   26.30   25.27   0.808   0.678     1.4039    0.0015   -0.0200   -0.0200    0.0000    156.82     27.81     2.74e-18     6.12e-18     5.08e+01     6.70e-18     3.41e-18     3.14e+02     8.79e-18     7.80e-18     2.14e+02     0.00e+00     2.04e-19     0.00e+00     3.38e-17     5.63e-18     1.69e+03     3.70e-18     4.44e-18     1.62e+02    -1.00e+00    -1.00e+00    -1.00e+00    -1.00e+00    -1.00e+00    -1.00e+00    -1.00e+00    -1.00e+00   -1.00e+00 
96      1006  1   32.367657   -4.728399   24.45   27.57   2.014   1.123     0.5070    0.0006    0.0000    0.0000    0.0031     81.38     15.92    -1.00e+00    -1.00e+00    -1.00e+00    -1.00e+00    -1.00e+00    -1.00e+00    -1.00e+00    -1.00e+00    -1.00e+00    -1.00e+00    -1.00e+00    -1.00e+00     2.16e-17     3.85e-18     2.60e+02     1.79e-18     2.91e-18     2.24e+01     2.92e-18     1.13e-18    -1.43e+02     7.24e-18     2.80e-18    -3.37e+02     9.05e-18     3.04e-18    1.27e+03 
96      1014  2   32.346874   -4.718953   24.98   27.57   1.387   1.039     0.9248    0.0018   -0.0023    0.0000    0.0000     97.16      7.34    -1.00e+00    -1.00e+00    -1.00e+00    -1.00e+00    -1.00e+00    -1.00e+00     9.89e-18     3.92e-18     2.82e+02     7.50e-17     5.68e-18     1.79e+03     2.06e-17     4.37e-18     1.59e+03     5.57e-18     4.17e-18     4.44e+02    -1.00e+00    -1.00e+00    -1.00e+00    -1.00e+00    -1.00e+00    -1.00e+00    -1.00e+00    -1.00e+00   -1.00e+00 
96      1020  1   32.336815   -4.729448   25.93   27.57   1.056   0.863     0.5217    0.0005    0.0000    0.0000    0.0096     92.81     15.93    -1.00e+00    -1.00e+00    -1.00e+00    -1.00e+00    -1.00e+00    -1.00e+00    -1.00e+00    -1.00e+00    -1.00e+00    -1.00e+00    -1.00e+00    -1.00e+00     2.86e-17     3.89e-18     1.73e+02     0.00e+00     2.14e-19     0.00e+00     2.40e-18     1.23e-18    -4.12e+01     5.96e-18     3.05e-18    -8.48e+01     0.00e+00     7.42e-20    0.00e+00 
96      1021  2   32.349625   -4.735464   25.96   27.57   0.781   0.765     0.9327    0.0010   -0.0000   -0.0200    0.0000    107.33     16.64    -1.00e+00    -1.00e+00    -1.00e+00    -1.00e+00    -1.00e+00    -1.00e+00     5.38e-18     3.85e-18     3.62e+02     1.17e-18     4.23e-18     9.85e+01     3.63e-17     4.94e-18     2.45e+03     0.00e+00     8.86e-20     0.00e+00    -1.00e+00    -1.00e+00    -1.00e+00    -1.00e+00    -1.00e+00    -1.00e+00    -1.00e+00    -1.00e+00    -1.00e+00 
96      2063  2   32.355324   -4.710748   28.37   25.55   1.038   0.786     0.5272    0.0012    0.0000    0.0000   -0.0004     97.98     30.83    -1.00e+00    -1.00e+00    -1.00e+00    -1.00e+00    -1.00e+00    -1.00e+00    -1.00e+00    -1.00e+00    -1.00e+00    -1.00e+00    -1.00e+00    -1.00e+00     1.33e-17     4.06e-18    -5.00e+02     0.00e+00     1.88e-19    -0.00e+00     2.28e-18     1.28e-18    -8.97e+01     5.66e-18     3.16e-18    -3.23e+02     4.83e-18     3.66e-18   -2.92e+02 
96      2093  1   32.354633   -4.739208   28.37   25.86   0.896   0.856     0.9560    0.0029    0.0200   -0.0200    0.0200    226.27     48.81    -1.00e+00    -1.00e+00    -1.00e+00    -1.00e+00    -1.00e+00    -1.00e+00     2.77e-19     5.44e-18     1.14e+02     1.04e-17     5.68e-18     1.11e+04     3.54e-17     7.58e-18    -2.24e+03     1.20e-18     5.66e-18    -7.39e+01    -1.00e+00    -1.00e+00    -1.00e+00    -1.00e+00    -1.00e+00    -1.00e+00    -1.00e+00    -1.00e+00   -1.00e+00 
96      2119  1   32.367138   -4.725737   28.37   26.08   0.791   0.784     0.8810    0.0029   -0.0126    0.0200    0.0128    164.15     36.99    -1.00e+00    -1.00e+00    -1.00e+00    -1.00e+00    -1.00e+00    -1.00e+00     1.72e-17     5.70e-18     3.67e+02     1.05e-17     5.33e-18     2.19e+02     2.42e-17     6.28e-18     1.50e+03     4.39e-18     5.25e-18     6.28e+02    -1.00e+00    -1.00e+00    -1.00e+00    -1.00e+00    -1.00e+00    -1.00e+00    -1.00e+00    -1.00e+00   -1.00e+00 
